17 232 66
0 0 0 0 1 0 0 0 0 0 0 0 0 1 0 0 0 
0 0 0 4 0 2 4 4 0 1 5 0 5 0 0 0 0 
0 0 4 0 2 0 0 0 0 3 0 5 0 4 0 4 1 
0 3 0 1 3 0 2 3 0 3 0 0 0 0 0 1 0 
0 0 0 0 0 0 0 4 2 0 0 0 3 3 2 1 1 
0 0 3 0 0 0 0 2 0 0 1 0 0 2 0 4 0 
1 0 4 3 0 5 3 0 0 0 0 1 0 5 0 0 0 
0 0 2 0 0 0 0 0 0 0 0 0 0 5 1 0 0 
0 0 5 0 0 2 0 1 2 0 0 2 5 0 0 2 1 
0 2 0 0 5 0 0 3 3 0 5 1 0 0 0 0 0 
0 0 0 1 0 0 0 0 5 0 0 0 0 0 0 0 0 
0 5 0 1 0 0 2 0 0 0 0 0 0 0 1 5 1 
0 1 0 0 4 4 0 0 0 1 2 3 0 0 3 0 0 
0 0 0 0 3 0 0 3 0 5 2 0 3 3 0 0 0 
0 0 0 0 0 0 0 0 0 0 4 0 0 0 0 0 0 
0 0 0 1 0 5 0 0 0 1 5 3 0 0 0 5 1 
0 0 0 0 1 0 1 0 0 0 0 0 0 0 0 0 1 
14 2 1
7 17 1
11 3 1
1 9 1
17 14 1
16 5 1
5 11 0
7 11 0
5 6 1
11 11 1
8 1 0
16 7 0
7 9 1
9 5 0
7 9 0
1 4 1
17 5 1
11 4 0
6 6 0
6 17 0
15 15 0
2 2 0
5 6 0
17 12 1
5 4 0
10 1 0
17 1 0
8 7 1
13 9 0
12 14 0
9 2 1
16 17 0
1 14 1
11 2 1
17 7 1
1 3 1
9 7 0
16 5 0
7 15 0
13 13 0
5 3 1
11 5 1
6 12 1
16 3 1
6 4 0
4 16 1
4 11 0
13 17 0
17 9 1
7 17 0
6 11 1
16 4 1
15 6 1
16 10 0
8 17 0
5 16 0
17 2 1
11 8 1
11 13 1
17 9 0
6 7 1
16 15 1
11 15 1
15 1 0
1 2 1
14 7 0
17 17 1
5 4 1
12 13 0
11 1 0
17 15 1
4 1 0
2 2 1
9 1 0
2 14 0
17 3 0
10 14 0
2 10 0
15 7 0
9 2 0
5 5 1
15 8 1
4 14 1
15 3 1
12 8 0
1 6 1
15 4 1
2 10 1
12 9 1
12 15 0
7 11 1
11 15 0
2 3 0
3 7 1
11 17 1
12 11 0
13 17 1
4 13 0
6 5 0
17 5 0
12 1 0
12 5 1
2 17 1
16 14 1
8 13 1
4 15 1
11 16 1
8 9 0
7 2 1
9 11 1
16 4 0
14 16 0
14 2 0
8 16 1
3 2 0
12 13 1
10 7 1
12 6 1
7 12 0
9 5 1
10 15 0
16 9 1
4 9 0
5 1 0
3 1 0
6 12 0
10 13 1
2 17 0
14 1 0
12 15 1
11 14 1
1 10 1
3 8 1
16 15 0
7 1 0
16 3 0
15 7 1
8 5 1
17 2 0
7 10 0
13 3 1
17 4 0
10 10 0
6 2 0
17 14 0
6 13 1
1 15 1
6 2 1
5 2 1
3 9 1
12 12 0
9 15 0
5 11 1
17 13 1
4 17 0
17 6 1
17 16 1
11 3 0
15 17 0
1 11 1
16 2 0
4 4 0
4 17 1
8 12 0
15 10 1
15 12 0
12 3 0
13 8 1
12 5 0
11 17 0
14 7 1
8 8 1
11 14 0
8 2 1
11 7 0
5 7 1
11 7 1
11 16 0
2 16 0
8 17 1
8 13 0
3 17 0
17 3 1
16 13 0
2 3 1
8 16 0
1 13 1
9 8 0
1 16 1
8 15 0
16 9 0
2 1 0
16 1 0
7 16 1
7 5 0
15 2 1
13 4 1
13 8 0
16 8 0
17 4 1
4 12 1
13 2 1
15 16 1
1 17 1
1 5 1
7 12 1
6 5 1
8 10 0
9 8 1
6 10 0
16 8 1
4 15 0
15 5 1
13 9 1
17 11 1
14 3 0
17 15 0
12 6 0
12 4 1
4 13 1
15 9 0
3 15 0
12 11 1
1 8 1
10 14 1
8 9 1
8 11 0
16 10 1
14 9 0
6 7 0
11 6 1
10 15 1